8.500000000000000000e+01
8.575376637865970508e+01
8.563388666245568004e+01
8.602231033495590395e+01
8.726518100991133053e+01
8.757100079721475083e+01
8.866408861721581047e+01
8.915889112966354446e+01
9.022168775413308595e+01
8.865414184818123999e+01
8.749973863841157140e+01
8.598815882925134702e+01
8.645218973160723408e+01
8.606364450656094789e+01
8.687102076076453727e+01
8.700126960742441895e+01
8.692844592688895489e+01
8.888598430158116059e+01
8.910367452831934543e+01
8.866653542550096745e+01
8.731572110117828345e+01
8.827485426356643927e+01
8.890019944825499465e+01
8.742299791267858211e+01
8.703548678882471279e+01
8.706979594822725232e+01
8.522372294220261324e+01
8.492321613147358050e+01
8.633013293849441538e+01
8.458201168139279957e+01
8.511468234576302905e+01
8.699595632996344818e+01
8.617538099465159007e+01
8.560409051394481139e+01
8.576113312200052974e+01
8.619934866494526204e+01
8.647665512485826866e+01
8.481614449711166515e+01
8.407049607774264643e+01
8.426471625561212875e+01
8.402097865904821106e+01
8.525721384063554353e+01
8.490936879959457428e+01
8.454831584153036772e+01
8.644309682358311875e+01
8.621713558506056074e+01
8.511514770802862984e+01
8.510124391162524660e+01
8.485869364843526341e+01
8.558379907844988566e+01
8.597857778384371841e+01
8.554804423017345982e+01
8.510878212215253313e+01
8.456757650235455515e+01
8.596112484804996257e+01
8.788023318828935260e+01
8.753467748158688266e+01
8.784586402151519735e+01
8.792080991488165864e+01
8.711676382919927164e+01
8.638192323138206064e+01
8.576235949244910728e+01
8.376196409411120669e+01
8.312831445911254491e+01
8.376896405346874985e+01
8.481441179637874939e+01
8.462562091846434953e+01
8.428713886540876388e+01
8.499830895214809345e+01
8.705217129322865333e+01
8.591861893809574724e+01
8.505209701115735754e+01
8.460974165436013550e+01
8.519668579853146184e+01
8.432287426521347129e+01
8.485624481069615399e+01
8.414962065619116061e+01
8.479692029663019071e+01
8.450237019083459700e+01
8.412223608988233536e+01
8.502500792396533313e+01
8.383708832241539710e+01
8.318475246939540568e+01
8.409544269313650489e+01
8.495180947304812946e+01
8.516442857909444797e+01
8.296087044793767973e+01
8.388674846055154433e+01
8.434682420836540473e+01
8.407352353342685092e+01
8.222078049856533255e+01
8.332960810651093198e+01
8.524588908594085979e+01
8.572243747228424127e+01
9.269721457209595883e+01
9.115564176872112512e+01
9.072502354224123167e+01
8.950146470906342699e+01
8.793081136677307086e+01
8.729112344254814104e+01
8.615066631693596833e+01
8.528946443257567012e+01
9.010789365026926134e+01
8.907078368762543619e+01
8.837189393133967030e+01
8.816147728293168484e+01
8.659799339799413076e+01
8.675536501893627417e+01
8.476140709638363546e+01
8.484095858013822067e+01
8.493772891051874296e+01
8.262410846507789586e+01
8.252057644724978047e+01
8.385836491357807176e+01
8.442305960142954291e+01
8.398645499388872793e+01
8.354123275278097083e+01
8.397913596732087171e+01
8.423542696327463375e+01
8.512918978597825514e+01
8.526002658776489795e+01
8.613919546216706635e+01
8.642594958411640960e+01
8.551876072708182619e+01
8.444988262882951346e+01
8.397790511264746272e+01
8.448877324768737651e+01
8.367209610799248765e+01
8.469668066322562083e+01
8.318794847704899098e+01
8.310490621808206413e+01
8.236205633255362102e+01
8.293872941796431064e+01
8.328164679866310394e+01
8.330178192738310372e+01
8.223476603354299641e+01
8.162879903859187891e+01
8.130528663612756191e+01
8.266770709846949217e+01
8.225713933150052526e+01
8.303259308613408507e+01
8.414931890881268828e+01
8.338991060367757768e+01
8.303447669360762973e+01
8.102416192874737533e+01
8.101861673902570260e+01
8.213008048435520436e+01
8.147043597493379252e+01
8.217475390637528676e+01
8.324584899485468270e+01
8.378129588296894781e+01
8.346496485736537352e+01
8.384680357608549173e+01
8.328674816085813859e+01
8.303881302276354859e+01
8.562167752098622486e+01
8.505116653609509569e+01
8.435981344468638099e+01
8.457873569641981248e+01
8.489869828319103817e+01
8.566353346375096578e+01
8.483729533855273530e+01
8.379890862752455405e+01
8.294131875955011424e+01
8.389455847913993125e+01
8.508078416539024147e+01
8.431522864354190006e+01
8.387287954500524734e+01
8.395994584456859400e+01
8.310491145950916803e+01
8.279644895808586114e+01
8.395526453113487264e+01
8.283662632912401591e+01
8.342155877848873047e+01
8.475843764412506687e+01
8.370650241390040946e+01
8.493012727161051600e+01
8.494172844562490354e+01
8.441237220289717413e+01
8.533951249255831328e+01
8.537855239127654272e+01
8.510063643751023221e+01
8.451273113726986708e+01
8.371978648667138145e+01
8.329440522049068818e+01
8.322345938605243987e+01
8.416334427000623464e+01
8.399449225482680959e+01
8.438668354010876271e+01
8.405835966105458112e+01
8.462771139274296672e+01
8.459257709524474933e+01
8.590237748340783241e+01
8.606938874010700147e+01
8.429819343003606491e+01
8.424662765360793060e+01
8.388045265705689246e+01
8.494765408379086580e+01
8.497285959786593423e+01
8.583839053161467803e+01
8.649809672458496834e+01
8.568570588709503966e+01
8.531195427079205729e+01
8.532220624587786517e+01
8.422302278090944583e+01
8.770182622179916621e+01
8.795697319935362657e+01
8.638439803275861095e+01
8.483180376319124605e+01
8.497535341628602623e+01
8.459296902445461797e+01
8.308271520081149220e+01
8.155364822559275240e+01
8.191626554183991971e+01
8.175919750455234691e+01
8.248375513821395089e+01
8.261814012532192919e+01
8.395716237734635001e+01
8.223109211653772377e+01
8.310991847370894448e+01
8.248539286463986286e+01
8.180089835657722119e+01
8.308383989958556981e+01
8.134757817439057703e+01
7.906960926619227337e+01
7.935190267262808561e+01
8.111173778020636860e+01
8.003905819269336064e+01
8.088536550797944358e+01
8.177030459237163029e+01
8.207485232399689323e+01
8.247504173615111256e+01
8.257173785436600610e+01
8.135108631231007337e+01
8.118248317836230399e+01
7.963187885901687935e+01
8.110867019268960121e+01
8.244841016952670998e+01
8.129232652068687059e+01
8.286783759958396445e+01
8.290274777747056589e+01
8.158925940437102042e+01
8.119827507860273386e+01
8.215359853654877043e+01
8.233502005564194803e+01
8.152250535447458901e+01
8.252611635135048118e+01
8.254882563078162150e+01
8.228026386303717743e+01
8.129498374176021969e+01
8.216777114553590877e+01
8.329018756630289033e+01
8.240550991196103325e+01
8.235658292647839573e+01
8.233682082872338981e+01
8.275317240958978005e+01
8.188359565603911960e+01
8.417816127303116502e+01
8.452795504246020641e+01
8.545361942923804577e+01
8.507584801374002836e+01
8.716043181365898818e+01
8.738519601961151295e+01
8.533465186447692474e+01
8.629739614502858558e+01
8.611770398712886276e+01
8.493889378394676726e+01
8.488574357171573581e+01
8.399306428306134364e+01
8.479651123397434276e+01
8.542545242086106327e+01
8.398938195302622489e+01
8.474910982454532871e+01
8.582036333852842347e+01
8.324257412236138975e+01
8.472267448992164418e+01
8.541131033264915118e+01
8.619265160101966217e+01
8.750011289140306303e+01
8.720140399162265510e+01
8.611424808150817967e+01
8.637398253083728150e+01
8.607531032102522772e+01
8.641729580328571103e+01
8.394864001134162379e+01
8.363796464417295340e+01
8.636625224715595550e+01
8.660439513580946880e+01
8.744347948500799816e+01
8.753825320642069130e+01
8.693520874766267070e+01
8.758552992794140835e+01
8.806887761404253467e+01
8.740999303028861789e+01
8.697849794410235802e+01
8.745292027214702557e+01
8.640794104546078813e+01
8.542245449378300748e+01
8.655248647146255792e+01
8.754630101273109233e+01
8.709786598905093058e+01
8.845471961752031120e+01
8.896715283673670172e+01
8.898020303806752906e+01
8.807318183696884262e+01
8.853775067675880450e+01
8.765013204864079910e+01
8.731396759955261189e+01
8.646338610900308197e+01
8.752964232075579787e+01
8.741729193405500098e+01
8.719545494822760645e+01
8.765522984081471236e+01
8.987941438842162256e+01
9.044400476464467431e+01
8.836550771795185710e+01
8.804413186615956022e+01
8.785677116833406330e+01
8.701340942849418525e+01
8.585500293682764550e+01
8.748667860285540598e+01
8.801585913512205650e+01
8.866062122904151011e+01
8.868710704387271448e+01
8.918079774763670287e+01
8.928596318912380525e+01
8.905893632978668961e+01
8.848800717360155943e+01
8.717654562747443947e+01
8.625752302054209508e+01
8.610110273101220457e+01
8.510952989237965483e+01
8.545178768344196385e+01
8.451531512282046776e+01
8.535475343219130195e+01
8.392751200467813533e+01
8.436506307453294085e+01
8.570806550145630354e+01
8.650447161651048589e+01
8.583306543414802547e+01
8.707016369753073093e+01
8.690381261293526904e+01
8.707848314966875591e+01
8.682542894609952100e+01
8.490436818593229873e+01
8.548442471266022835e+01
8.587095826337585436e+01
8.654275690132942600e+01
8.541464308166928276e+01
8.617806386902027782e+01
8.541563830138774449e+01
8.420383004632057578e+01
8.325753616840415816e+01
8.363759870407031372e+01
8.336948116186614754e+01
8.507434075414813890e+01
8.586705953463921048e+01
8.692766258318718542e+01
8.657264777196024852e+01
8.534063615417117887e+01
8.370618842060125075e+01
8.361351285094558250e+01
8.502721915624034921e+01
8.628124030895270380e+01
8.450355674815789087e+01
8.482867252028836447e+01
8.555432978604511618e+01
8.451643645490244694e+01
8.458223972571529714e+01
8.390395739486302773e+01
8.417003840196861120e+01
8.445728936634617412e+01
8.418788139996129871e+01
8.415763421784001252e+01
8.356389354077796838e+01
8.381812299525421395e+01
8.072587989846036294e+01
8.163105799819179254e+01
8.300494900641254503e+01
8.188548955216630532e+01
8.200271926310503545e+01
8.289023586609584981e+01
8.100638587342410801e+01
8.074736084746976417e+01
8.110828161310691087e+01
8.223616787533048011e+01
8.113000360316084425e+01
8.174954586826811465e+01
8.260656783759665700e+01
8.147554681103605390e+01
8.197669025799535802e+01
8.372504429560275696e+01
8.384740244808624254e+01
8.380309932921056770e+01
8.535936006599800407e+01
8.474391577006903731e+01
8.460712346313322030e+01
8.598554270044557768e+01
8.764970272689818387e+01
8.631065169964645634e+01
8.598795484529632915e+01
8.637298820021624124e+01
8.751081521758908366e+01
8.772072834639067196e+01
8.685296990664433281e+01
8.746354990713908251e+01
8.498414206798705095e+01
8.512775464913691792e+01
8.585702701096870726e+01
8.688276543791042172e+01
8.714425610167333502e+01
8.549943378992770704e+01
8.639203018337607887e+01
8.571768057239957272e+01
8.518694534693030107e+01
8.631977958541340001e+01
8.421038391836125925e+01
8.652799428570807549e+01
8.727527985425456336e+01
8.793678424135303828e+01
8.749080924272325888e+01
8.794635521307715464e+01
8.826467475948403774e+01
8.817787046536243167e+01
8.634806194483840613e+01
8.665795346645754194e+01
8.674537864457036562e+01
8.751162784850312448e+01
8.767776738354019983e+01
8.767954919849520934e+01
8.758031534107709604e+01
8.583333363768180391e+01
8.389473361353532255e+01
8.389493853006555923e+01
8.330083991488038464e+01
8.392607445041845438e+01
8.281279510166116609e+01
8.246646907318582009e+01
8.342601097747179040e+01
8.358845377779368846e+01
8.285634922062915564e+01
8.362673237986066965e+01
8.403144111745336886e+01
8.309636217855697282e+01
8.265082277125087273e+01
8.308551959125709629e+01
8.308045098912761262e+01
8.300751499607051187e+01
8.267059478963010122e+01
8.020957899342715791e+01
8.116996104638923271e+01
8.186105580422579919e+01
8.203742195564170459e+01
8.053331405837967338e+01
8.055999684249627535e+01
8.097546342411358467e+01
8.114610390281613661e+01
8.141491852544635321e+01
7.953737289564035962e+01
8.066696325622818620e+01
8.164281095753652551e+01
8.260469715557839265e+01
8.410135317140203881e+01
8.437369995139215462e+01
8.574794800281858898e+01
8.441829281105917460e+01
8.511155043004798415e+01
8.483151688544850799e+01
8.620973616146278573e+01
8.556612778419626864e+01
8.494227557894247127e+01
8.426325797686070018e+01
8.477731108976750818e+01
8.396109984054241693e+01
8.486486652974545564e+01
8.555740655980659426e+01
8.550042534268298766e+01
8.553172648480466478e+01
8.479140662427563768e+01
8.664894018257179198e+01
8.724115743844529902e+01
8.580846936351950660e+01
8.666622589704923030e+01
8.535291465782751175e+01
8.554844336486299028e+01
8.604035693942248031e+01
8.552870461269559144e+01
8.480752625700408487e+01
8.508821322412417487e+01
8.554832655098347516e+01
8.560512416745076791e+01
8.582760225837326118e+01
8.427520740732637705e+01
8.420131735684745422e+01
8.319759415533961544e+01
8.337768534705078594e+01
8.238719106189394381e+01
8.173502567050039147e+01
8.100885530539954971e+01
8.084935921694957983e+01
8.082509025027542293e+01
8.095729226699224057e+01
8.177350716694058974e+01
8.098472196954506330e+01
8.280075328924064593e+01
8.247441316309614479e+01
8.177110248181509178e+01
8.219434751684153184e+01
8.185722369929315789e+01
8.149268274496701281e+01
8.182876986485256054e+01
8.068480203934068129e+01
8.191349167114469765e+01
8.065063867178919566e+01
8.019535990967509065e+01
8.153263401670466237e+01
8.279074577939493906e+01
8.315296051881941253e+01
8.172178027848127613e+01
8.146183683187294378e+01
8.101034081417394361e+01
8.056512297412135126e+01
8.048254231811000636e+01
8.110363836211389810e+01
8.214273142201703592e+01
8.246248937639158783e+01
8.166129818491131687e+01
8.183298406391786273e+01
8.220386973147526533e+01
8.316415089454038423e+01
8.255180613012933577e+01
8.214366088536741017e+01
8.160502333885263226e+01
8.065238611898722354e+01
8.128811146091646833e+01
8.093159503992414727e+01
8.207449361366778362e+01
8.303306061435353058e+01
8.308316204619254108e+01
8.335333345516656323e+01
8.297899197561334006e+01
8.323529930933850096e+01
8.337605397178771227e+01
8.454237885837052602e+01
8.399450129570583101e+01
8.503611120971865489e+01
8.556422365467977897e+01
8.574738289358865018e+01
8.440311567634674361e+01
8.336241716983553829e+01
8.340205975994204834e+01
8.358551776449920112e+01
8.238679172690403618e+01
8.426101088198680600e+01
8.440588332100797686e+01
8.425387937948896422e+01
8.477581659210197529e+01
8.395769793315334084e+01
8.191283983019320658e+01
8.202207382106280420e+01
8.153431725469334879e+01
8.183156570167086841e+01
8.226414635882228765e+01
8.090508559199129479e+01
8.047676473791776175e+01
8.176003100694100567e+01
8.346912229158246532e+01
8.351154562343437249e+01
8.375591189535514047e+01
8.420038716599268014e+01
8.455167942839634065e+01
8.720787695205773105e+01
8.867058518666536315e+01
8.768904327235556195e+01
8.713067693358151189e+01
8.808778587775725555e+01
8.837827681413723724e+01
8.901011127112292343e+01
8.930131502857551595e+01
8.805846323220357874e+01
8.654104549299540849e+01
8.495547223337618448e+01
8.429954281572352670e+01
8.481411608170385819e+01
8.433192381740035160e+01
8.644287431664511701e+01
8.473808157572790378e+01
8.453151002254443824e+01
8.564655992933893458e+01
8.748255181689134474e+01
8.631272555499954535e+01
8.650024250122456237e+01
8.707147019689645617e+01
8.491457218110618044e+01
8.573711634156435935e+01
8.584807705796698940e+01
8.536691148911472737e+01
8.631408636207642360e+01
8.627717860090669433e+01
8.541664557110685507e+01
8.673443904526274650e+01
8.594546187765330103e+01
8.714497198660006916e+01
8.456577870728216340e+01
8.553063631630951136e+01
8.518469247496662433e+01
8.546706594387391931e+01
8.561781533273493494e+01
8.659488755311127761e+01
8.561764419634091894e+01
8.539105555332315589e+01
8.505414319730158468e+01
8.555508562638462422e+01
8.551603954533325691e+01
8.577004243084574853e+01
8.609092663731983919e+01
8.433216485857147404e+01
8.419938808427070853e+01
8.441539603907676792e+01
8.472151722383060246e+01
8.725271954839507771e+01
8.786552066024933083e+01
8.891529207845982796e+01
8.812932677026890360e+01
8.867811630011672719e+01
9.016008105597120448e+01
8.925103665756876126e+01
8.825506671517473478e+01
8.647629348113731851e+01
8.507908760809544901e+01
8.679456519929895819e+01
8.518858475130416252e+01
8.511871894779748970e+01
8.593031462426503708e+01
8.606397393349661229e+01
8.626945855214526659e+01
8.611052043912656018e+01
8.705218912987936619e+01
8.548368880766216193e+01
8.511361419159968023e+01
8.509287768426214882e+01
8.324964391952838128e+01
8.273962176566195126e+01
8.281466501967507554e+01
8.458139872171784646e+01
8.403094356162642953e+01
8.534108563821614268e+01
8.463403845327140118e+01
8.637627672465333717e+01
8.586383590448355108e+01
8.685993127763961752e+01
8.964018824706919020e+01
9.019840809531886805e+01
9.117025474821343778e+01
8.952608006504263471e+01
8.968098066000978008e+01
8.998073333159544518e+01
8.932752501571134474e+01
8.920188579634802295e+01
8.771204520941863336e+01
8.699733575699846710e+01
8.558440262657630626e+01
8.402392634190394460e+01
8.487121204569831434e+01
8.408638390209867453e+01
8.451347211033407802e+01
8.643247480702471819e+01
8.740015476380206394e+01
8.654539296782313329e+01
8.614865321646347240e+01
8.539404484274547258e+01
8.536978695604247491e+01
8.706081931680921571e+01
8.849687101101359588e+01
8.764488550987272220e+01
8.602509582218580420e+01
8.699231254314864259e+01
8.451262146267468722e+01
8.515287036980626567e+01
8.286655488946766468e+01
8.350811375161168826e+01
8.388631315087907581e+01
8.357713206720013943e+01
8.260664076442149906e+01
8.340007372190632395e+01
8.401678404904913577e+01
8.427146341606642466e+01
8.670999063040618182e+01
8.631023141396271114e+01
8.566088051568586081e+01
8.704130685816811308e+01
8.993903971066362146e+01
8.884293798319573909e+01
8.829831218339990073e+01
8.753327291845928926e+01
8.760547789358618331e+01
8.818724299035501701e+01
8.717766892038525839e+01
8.675402777460772086e+01
8.566094266252859768e+01
8.583156464331112545e+01
8.550979946600510573e+01
8.588648666467803139e+01
8.559104406357309358e+01
8.571202139661886577e+01
8.401094077224405510e+01
8.351270556816409396e+01
8.326600762195411676e+01
8.364790150572463290e+01
8.273142684083428833e+01
8.244274981109265354e+01
8.369103458666114648e+01
8.427572113919084984e+01
8.371117215817598378e+01
8.383181737196304084e+01
8.362806803722109805e+01
8.401400692216154198e+01
8.383586374317027889e+01
8.302357477452775925e+01
8.334587215602280708e+01
8.199168316412681179e+01
8.296202328262863546e+01
8.415563221227580470e+01
8.513098425585933171e+01
8.375324048825530099e+01
8.375502689102982856e+01
8.474582044913235279e+01
8.501845635726451178e+01
8.535048803740913570e+01
8.548861385108899924e+01
8.626370595806405106e+01
8.601278197710271911e+01
8.431917261019937371e+01
8.471079006387108734e+01
8.693903150836403881e+01
8.750685045186786226e+01
8.792078846107122558e+01
8.963299743058827573e+01
8.845360528855320581e+01
8.715759777312875656e+01
8.657985752178637995e+01
8.693333217214791375e+01
8.859350458847643495e+01
8.938490016175386188e+01
8.895592280059628365e+01
9.008046393597639678e+01
8.995184581607392715e+01
8.983416531029860153e+01
8.925155960150880219e+01
8.798282170928891333e+01
8.753075717738924766e+01
8.636630407018574829e+01
8.421631391527624544e+01
8.353023527604051424e+01
8.507568872179086839e+01
8.485537399257887614e+01
8.350637563082352699e+01
8.385713956828647042e+01
8.640993567847777967e+01
8.621908771549227879e+01
8.863069395963687214e+01
8.889131010908971575e+01
8.651633493719518242e+01
8.677043944558170097e+01
8.880187623916548034e+01
8.900879476019575520e+01
8.751106934397613202e+01
8.774408082942467502e+01
8.888553769240334645e+01
8.702997222959608337e+01
8.705737782999304386e+01
8.728358694238515625e+01
8.823339882850993376e+01
8.762102393698100400e+01
8.658624379089616241e+01
8.715979011699396040e+01
8.737348369974220930e+01
8.717898918943767228e+01
8.657567245980541770e+01
8.735475843244705629e+01
8.670857484622233358e+01
8.884350184619968616e+01
8.819969228195616040e+01
8.925537219345665108e+01
8.999441313786442720e+01
9.002489965049745990e+01
8.946993583735665823e+01
9.022643448591625770e+01
8.990626420939557306e+01
8.860840826302899131e+01
8.843187791868152203e+01
8.859104606717301067e+01
8.656938911042139750e+01
8.760330858677305343e+01
8.552367839576845654e+01
8.577130169376611946e+01
8.565973190400808335e+01
7.603800865085324290e+01
7.690241555711889987e+01
7.670330946020027341e+01
7.794816897991431404e+01
7.803506969821810912e+01
7.899413095780003857e+01
7.999116777998175110e+01
8.163986305298416823e+01
8.113069021595669028e+01
8.325855500870301285e+01
8.139713535163326696e+01
8.065455501893535484e+01
8.063310703299802640e+01
7.938223758685522569e+01
7.816322227434531555e+01
7.915733243437642841e+01
7.796559511877296700e+01
7.785601465527132348e+01
7.936808575882687933e+01
8.107218630427603046e+01
8.108046826522769379e+01
8.046487745181752871e+01
8.172523016388444717e+01
8.258584310003720930e+01
8.253457274043000780e+01
8.179835695548328545e+01
8.067149960719692103e+01
8.250178991546486884e+01
8.482198681962842102e+01
8.465130863913601900e+01
8.459376000458890132e+01
8.540001551673394431e+01
8.626239334322056607e+01
8.605380169498293697e+01
8.484743040244593715e+01
8.562953785948073460e+01
8.513699031643483295e+01
8.360537848864940713e+01
8.507659958902000596e+01
8.692123059796102780e+01
8.705721731621713388e+01
8.679498960875481828e+01
8.647847009191340817e+01
8.597055079425034307e+01
8.538814830558389701e+01
8.448782911591735001e+01
8.366488415791570787e+01
8.320268820943630317e+01
8.319897807025178338e+01
8.343425781541667163e+01
8.400990013865578021e+01
8.302080480595563472e+01
8.377019350021313926e+01
8.286661451505983678e+01
8.201354232673355682e+01
8.270492710032480943e+01
8.111992412120466156e+01
8.132677536280303343e+01
7.963889165521997882e+01
7.959574860052293843e+01
8.071218123719764037e+01
8.189561111566183627e+01
8.103549068984148107e+01
8.031491798824188777e+01
8.228795513773033576e+01
8.291954006923698728e+01
8.449574093747015979e+01
8.293638722536951491e+01
8.454691322285739830e+01
8.492078835646094603e+01
8.364959482782695943e+01
8.382422618684310578e+01
8.539103020788655840e+01
8.592429080857222345e+01
8.460551208770543496e+01
8.301963405078680580e+01
8.437223653654623945e+01
8.409517730541634251e+01
8.334153424804674160e+01
8.296333486035558735e+01
8.238953350427422606e+01
8.114281265437566049e+01
8.125393033650695429e+01
8.185354482507261764e+01
8.063705404811885558e+01
8.208158122547148139e+01
8.150469378452132219e+01
8.210031598310072809e+01
8.318089795748578297e+01
8.418517380196392708e+01
8.570852209093135343e+01
8.384289079669235889e+01
8.191263772491117834e+01
8.057735243992630103e+01
8.036313236796213744e+01
8.119970010153932094e+01
8.035081234249608428e+01
7.321840527055300640e+01
7.394239145906776400e+01
7.435342602970227688e+01
7.750996664370381950e+01
7.714832851317532914e+01
7.965142186253262935e+01
8.240793352993493670e+01
8.248515966587704895e+01
8.248628374425534560e+01
8.254129369698887331e+01
8.205272611520709347e+01
8.167392633838002780e+01
8.061359852424565986e+01
8.136086316798667895e+01
8.256172527794595339e+01
8.132477737791133166e+01
8.245764098307424206e+01
8.215454720864242688e+01
8.165355599240987772e+01
8.202313923181272060e+01
8.191365262254072377e+01
8.384344932368341574e+01
8.528457128283879740e+01
8.655687518041047213e+01
8.717146622816264312e+01
8.558708037570355032e+01
8.491799210114506025e+01
8.476513580694093264e+01
8.651681161026989741e+01
8.551085851349509426e+01
8.663990435185910144e+01
8.447339462025394141e+01
8.402739897516588030e+01
8.372921221682958048e+01
8.492999431766621399e+01
8.591884691594361811e+01
8.593425341761621894e+01
8.627559808759065163e+01
8.478671320223709529e+01
8.298656115133513822e+01
8.428792474596058071e+01
8.716028542637872079e+01
8.799659026232905035e+01
8.724386656183874322e+01
8.755412954010964199e+01
8.544570988118830712e+01
8.520619047592559525e+01
8.485920844926216944e+01
8.622073456960521298e+01
8.639765695817034441e+01
8.725679114868609076e+01
8.566536073280867924e+01
8.534656173559542935e+01
8.451825261990877891e+01
8.542210614483047948e+01
8.567212120460021652e+01
8.577523820259294496e+01
8.366424908430433049e+01
8.558468107631274790e+01
8.519765773514434670e+01
8.521011884276900616e+01
8.775622953592105091e+01
8.903295227350130858e+01
8.883926080602353181e+01
8.918409967002401117e+01
8.746550801901604189e+01
8.645107030896265599e+01
8.707821972673799849e+01
8.635027221565434274e+01
8.595091305027226269e+01
8.440092716299594144e+01
8.377770645880140421e+01
8.324061515646593534e+01
8.288309989381114917e+01
8.487961113552135828e+01
8.476304783175039859e+01
8.487219869735261568e+01
8.602125395608233305e+01
8.561531567454710512e+01
8.625329097735463790e+01
8.426439492217899385e+01
8.399273203006798383e+01
8.463960098288552558e+01
8.393823483439200572e+01
8.454501027491065202e+01
8.424499507897606065e+01
8.493302251046316087e+01
8.602472749873361124e+01
8.569192127373028711e+01
8.447015486996409095e+01
8.351326934022068826e+01
8.373689095663455362e+01
8.380845775268844022e+01
8.228744037098040565e+01
8.355650936359984371e+01
8.493210301605436996e+01
8.493693800460448529e+01
8.524696859471262655e+01
8.552286702161984522e+01
8.451786418005397650e+01
8.453100667529425039e+01
8.489941420222011459e+01
8.473550038071707036e+01
8.342702497565825581e+01
8.207412815381591997e+01
8.166743806357236224e+01
8.125909845346872373e+01
8.081953019468093657e+01
7.901406331857489818e+01
7.922686170860954746e+01
7.917905932033009719e+01
7.952142626967660988e+01
7.862987948480567013e+01
7.970612675595010899e+01
8.014988667800820110e+01
8.141637959988420903e+01
8.091287334620776051e+01
8.196512335847424424e+01
8.246299991622433367e+01
8.220413590854532515e+01
8.252038374233526952e+01
8.181365235643873746e+01
8.191590417563128312e+01
8.208908684829090419e+01
8.218883796091817828e+01
8.262296944625964557e+01
8.344934788348814436e+01
8.240637209817271014e+01
8.299121362916375233e+01
8.081999072782042504e+01
8.006496147625379933e+01
8.258242028220287523e+01
8.346480553277282866e+01
8.351277345639482519e+01
8.612679053823649156e+01
8.496120388819895197e+01
8.465888568579795503e+01
8.345721904858525875e+01
8.392445989281425511e+01
8.314943834141155321e+01
8.122999752720141942e+01
8.007898117210874034e+01
7.975651671597528036e+01
8.081538406958439680e+01
8.153519592641828240e+01
8.251450073924949891e+01
8.297700923315859711e+01
8.242311813282796606e+01
8.439325384833955468e+01
8.368707617336416149e+01
8.414379894917456681e+01
8.346203601226014257e+01
8.307407018688559219e+01
8.286581285771484318e+01
8.201568398135484017e+01
8.307558109394339851e+01
8.310483669610252377e+01
8.416772209855923847e+01
8.544602995206423657e+01
8.596899036622789936e+01
8.597561417620369184e+01
8.632203124440692932e+01
8.549076297940109725e+01
8.575490881936532617e+01
8.347854599164230649e+01
8.260677788158838553e+01
8.347964717711734295e+01
8.189556684730158054e+01
8.235802129412071793e+01
8.323738412103624285e+01
8.328908524121300161e+01
8.244240861571772427e+01
8.351829886745352383e+01
8.561947962887153096e+01
8.685804075037297878e+01
8.504892170881286972e+01
8.674905642894404423e+01
8.587536181239805444e+01
8.724188141549859665e+01
8.693724940917661570e+01
8.730084651731777967e+01
8.844824893561923318e+01
8.705085510151579342e+01
8.816183794873762736e+01
8.782082445687377970e+01
8.820082562354610900e+01
8.773316396552846186e+01
8.718015299419428743e+01
8.553187637320188230e+01
8.517982625749164072e+01
8.596277289109410447e+01
8.489717603227060749e+01
8.622920074360381193e+01
8.672136212616420892e+01
8.505173985151544969e+01
8.496014930101422635e+01
8.533307289573915000e+01
8.511565961006087377e+01
8.544459055807639913e+01
8.632950474613321035e+01
8.576278955389375369e+01
8.610645220671004552e+01
8.574424888059996874e+01
8.462501278903667412e+01
8.508163315463225729e+01
8.450011944007192710e+01
8.424493899127838858e+01
8.504790929672164168e+01
8.293067676858920834e+01
8.364886147076538236e+01
8.408561829075385674e+01
8.424585710406819317e+01
8.479765697142596537e+01
8.505580737921637535e+01
8.542386858618252177e+01
8.372795834527921954e+01
8.333049053354211821e+01
8.365413561707593715e+01
8.354952188061864149e+01
8.374825606380730392e+01
8.295634546214033378e+01
8.485772385573925192e+01
8.486238711858017325e+01
8.554780182783160569e+01
8.633673878225687304e+01
8.565539302950770661e+01
8.502363928254021630e+01
8.390605100805299799e+01
8.441549040498112788e+01
8.577858148943562355e+01
8.636443271035359714e+01
8.480148353288086582e+01
8.584438100620761247e+01
8.688025488988606071e+01
8.694434348628175258e+01
8.507698727033242392e+01
8.309145569507822415e+01
8.254772538464281695e+01
8.122050816287628550e+01
8.191045331245683769e+01
8.347481808495835764e+01
8.500525545587356646e+01
8.592751684904811782e+01
8.686661404678652332e+01
8.777490721722196554e+01
8.767701257528040060e+01
8.657513760396906832e+01
8.832608471096641267e+01
8.987851881939995735e+01
8.471446350848945883e+01
8.611008438090678396e+01
8.632110717100181319e+01
8.564250281961837175e+01
8.716180327844679709e+01
8.614145501384324177e+01
8.585086738749775748e+01
8.582788027544980025e+01
8.708246104292861389e+01
8.631653424315379652e+01
8.647823263761763712e+01
8.587487654563882700e+01
8.622488138842348349e+01
8.766646457880564469e+01
8.873185738785645071e+01
8.855353261569987922e+01
8.839773764018237046e+01
8.678657202106175816e+01
8.807024026000519257e+01
8.812692371389034918e+01
8.939102913352729729e+01
8.943317899931052750e+01
8.927432970366832876e+01
8.893972637281945026e+01
8.713930946725818671e+01
8.793580240828879369e+01
8.861533432086531548e+01
8.777746904021084617e+01
8.815608253200903732e+01
8.815192744602865105e+01
8.743536155797153242e+01
8.654850484011114986e+01
8.518293177189258358e+01
8.433155802642777132e+01
8.565882330225792884e+01
8.658050049374924129e+01
8.665845114480127620e+01
8.772978962721423102e+01
8.777821025444224290e+01
8.722446686604030219e+01
8.766289615730590867e+01
8.733453750752573796e+01
8.697655856835606869e+01
8.741309195167528401e+01
8.620190953971200543e+01
8.753146294639014968e+01
8.783544523559410777e+01
8.710359853271688735e+01
8.774134188879060048e+01
8.640982973751792429e+01
8.492449137446816110e+01
8.471659899747069744e+01
8.516929622293660884e+01
9.022859683116119811e+01
8.854141300995432573e+01
9.036753769329280317e+01
9.031035585038173963e+01
8.888993307362400742e+01
8.831807190951921882e+01
8.904170043414355007e+01
8.871289165452708403e+01
8.725864067366380539e+01
8.958893532047474650e+01
9.087067792321991533e+01
8.896706787929073812e+01
8.953349617791040771e+01
8.991330869005707882e+01
8.876793197859940676e+01
8.825399952790243674e+01
8.741207372605379078e+01
8.781599849855450657e+01
8.949838062834911057e+01
8.939739601349910458e+01
8.879190768703300307e+01
9.015140778242559350e+01
8.976636728114340258e+01
8.862323456857278359e+01
8.779370278262210547e+01
8.722248613329452382e+01
8.781418376415716409e+01
8.863392548984450059e+01
8.950025271555547590e+01
9.016379679243331680e+01
8.817630388407103226e+01
8.860763551607780641e+01
8.721898393124328663e+01
8.742082785145723278e+01
8.749742442235995554e+01
8.673625718685242703e+01
8.624671467269141090e+01
8.584013045830724309e+01
8.624563921483309059e+01
8.651081822771755014e+01
8.829756826385765578e+01
8.842614721389367105e+01
8.880877947804530947e+01
8.900871794930547765e+01
8.865559328516985715e+01
8.939718257148253144e+01
8.837869105225999533e+01
8.847346743155929971e+01
8.762155852573130232e+01
8.727683527989771051e+01
8.545682669991322200e+01
8.414564231256446192e+01
8.516727392418169984e+01
8.554330032513124138e+01
8.629068306711050695e+01
8.605047510575390390e+01
7.627059329667031307e+01
7.804123206667317447e+01
7.992449347107343272e+01
7.957530505614882088e+01
7.801623950176616518e+01
7.828845202887434596e+01
7.896838219624066824e+01
7.803320702777554629e+01
7.750133313113306599e+01
7.885097227765348293e+01
8.077528618192796728e+01
8.286885594681319844e+01
8.280615997988640231e+01
8.355934672907731908e+01
8.364154147141734086e+01
8.284859905316561424e+01
8.259088243221535208e+01
8.358216345221929089e+01
8.273368312825915893e+01
8.235145332026216636e+01
8.259804971651885808e+01
8.217221471294608648e+01
8.135963133895891986e+01
8.140661822786844937e+01
8.305256756274408758e+01
8.357562419990080116e+01
8.284486469522208552e+01
8.339793377777627370e+01
8.311703408239442581e+01
8.381626308125083824e+01
8.396451208456406334e+01
8.285018815216999144e+01
8.246550644520500839e+01
8.295158091698839087e+01
8.341123472306964004e+01
8.322294168833460049e+01
8.380467076811379457e+01
8.296841952471308446e+01
8.261988797588297473e+01
8.252060954733461529e+01
8.053399822468985292e+01
8.144791022444992734e+01
8.105053262503038525e+01
8.136285155934477586e+01
8.068019321279101064e+01
8.183808089357803794e+01
8.189213330022779758e+01
8.164864286554271189e+01
8.309991564093985517e+01
8.272026643969199711e+01
8.128912661847583365e+01
8.299061581903072238e+01
8.271129505847611085e+01
8.191792128564679842e+01
8.188326177300588427e+01
8.346662948967347972e+01
8.405487621184865077e+01
8.329537825364802472e+01
8.355942436244279747e+01
8.616869082836319649e+01
8.694162069696848505e+01
8.798595688151746685e+01
8.728431773292304285e+01
8.692161865891313255e+01
8.882793170989408793e+01
8.813515187913615989e+01
8.832211666387884463e+01
8.888829615861853028e+01
8.931533264569529251e+01
8.877327760562549486e+01
8.939121818369284256e+01
8.857634453542344488e+01
8.717221593805761870e+01
8.744796410850611323e+01
8.731527057823680593e+01
8.660852348298490710e+01
8.645178623620972758e+01
8.508784532867417738e+01
8.550811906489798275e+01
8.661491166763595118e+01
8.465285622002893717e+01
8.377821075157858388e+01
8.333792228633302557e+01
8.232841456309428452e+01
8.286232367362387663e+01
8.455277656480080850e+01
8.474567471513233841e+01
8.616485455229478418e+01
8.621539146266476905e+01
8.656143409635424746e+01
8.599753007449936604e+01
8.627863419051642779e+01
8.525698255779698798e+01
8.660839224594825225e+01
8.542459213583931898e+01
8.448473390526463334e+01
8.481688035903650302e+01
8.405844917089977741e+01
8.475614494114616093e+01
8.535446846959240474e+01
8.550426941179458140e+01
8.373389089626827797e+01
8.376071674439820924e+01
8.405504012927474378e+01
8.413928784751878709e+01
8.410082123780442487e+01
8.349555552285528393e+01
8.320606423265779483e+01
8.380763261737652670e+01
8.432120967183516314e+01
8.381662575642189950e+01
8.449877149791167597e+01
8.562677091645126382e+01
8.674006752292837064e+01
8.648274346576558003e+01
8.862078435866368409e+01
8.676904779803278700e+01
8.719893380039582098e+01
8.715423769315518143e+01
8.688857929169246574e+01
8.663957255638854349e+01
8.589070076905375117e+01
8.598757399321070238e+01
8.567921224866807961e+01
8.525265929224323713e+01
8.496980832828111829e+01
8.456880991270061543e+01
8.532130252419135275e+01
8.658437091535118668e+01
8.634554814829954239e+01
8.657816062545208524e+01
8.805082412548139814e+01
8.683354068656798574e+01
8.729701522120194568e+01
8.666589445599750263e+01
8.694687995943674252e+01
8.748141256233941476e+01
8.872882505601614866e+01
8.776426944863648316e+01
8.836128087874809012e+01
8.784034920202326191e+01
8.875142482773595987e+01
8.728356871439889630e+01
8.822067690455563138e+01
8.965520328416897655e+01
9.125319573746385515e+01
9.187378171909604418e+01
9.128562386332465906e+01
9.008819550212562888e+01
9.053655192558058218e+01
9.055736081240081603e+01
8.846823342628586317e+01
8.696673713790389115e+01
8.738165347006159323e+01
8.712097954601070171e+01
8.543868216104239366e+01
8.438592603585618690e+01
8.385761146726132154e+01
8.472903511945666821e+01
8.556277237447702078e+01
8.618979580521940420e+01
8.614797359295383217e+01
8.616021437241670355e+01
8.594486460512698045e+01
8.768943542345962783e+01
8.616398464758262321e+01
8.688420942809818825e+01
8.772627119000827633e+01
8.787758703014547734e+01
8.544647637009084917e+01
8.543699966157581116e+01
8.540441856277961108e+01
8.459265629020949007e+01
8.407777890606973870e+01
8.385789062417282480e+01
8.452817078734744882e+01
8.393784618286608179e+01
8.447254518388217548e+01
8.346552251510709652e+01
8.560660854002212261e+01
8.403620530170847758e+01
8.401228449527397402e+01
8.298819794482147927e+01
8.208802946833789349e+01
8.271254579872808677e+01
8.418192615891430819e+01
8.348054680714049880e+01
8.398379755912240796e+01
8.353858159655291615e+01
8.444192996184922606e+01
8.188577030693579673e+01
8.270258513214677976e+01
8.252334422433276018e+01
8.250068674921712386e+01
8.232272354945270365e+01
8.089767599910393869e+01
8.210719154657365948e+01
8.273905278481456094e+01
8.205089835745958737e+01
8.186474366462992691e+01
8.174829367214269382e+01
8.006957505536317399e+01
8.050772610781562832e+01
8.148491003031037394e+01
8.181153098685436476e+01
8.198018476470529947e+01
8.059406500894399983e+01
8.027777856631362852e+01
7.908130602174625778e+01
7.894954190520734016e+01
7.969191490325405880e+01
8.306952200949885423e+01
8.300631035510818378e+01
8.312935674208731029e+01
8.278140805420292736e+01
8.259345973168603905e+01
8.380748773560642917e+01
8.329615927112706686e+01
8.342132683266454762e+01
8.415994471028008661e+01
8.327466677506085091e+01
8.569052921839373482e+01
8.511743353129745060e+01
8.526097668912397864e+01
8.657979002554864678e+01
8.597307862478855611e+01
8.293962880406600391e+01
8.332732960833030234e+01
8.424105835825596955e+01
8.435693616651572313e+01
8.538731318786038571e+01
8.549594228643485394e+01
8.725882316041966646e+01
8.880892323522031973e+01
8.867009210458770951e+01
8.961822389335880246e+01
8.881308633751272907e+01
8.908229427380480558e+01
8.971699387842704709e+01
8.825723529108807952e+01
8.830000091494066794e+01
8.601696875901275519e+01
8.480598632047039587e+01
8.348653451084005894e+01
8.446973166655300247e+01
8.360650199141446137e+01
8.533049255336749184e+01
8.437639869142286386e+01
8.384510670526213971e+01
8.268622655610542438e+01
8.300768882253477443e+01
8.271688075969430543e+01
8.280504617025613356e+01
8.347498021014389735e+01
8.358912691827066510e+01
8.299974900445606352e+01
8.199045164096079930e+01
8.240491637515590639e+01
8.444739369156157238e+01
8.575521714270607276e+01
8.584665055469940853e+01
8.518968563283034712e+01
8.611736736660108704e+01
8.627996650190898720e+01
8.559976099313607278e+01
8.511389961737687315e+01
8.450231105808116183e+01
8.353022040671761772e+01
8.353282425403615719e+01
8.316406212431934364e+01
8.350033461135528512e+01
8.326120015908885819e+01
8.195950627684607070e+01
8.249849068661328033e+01
8.459044874141341097e+01
8.339676015573559198e+01
8.393380260958821282e+01
8.326966516608285929e+01
8.372906483093032648e+01
8.654401548734227845e+01
8.757138797284065390e+01
8.678165536032059890e+01
8.589800917947351877e+01
8.531848280547494312e+01
8.586773328918546611e+01
8.544393330925558416e+01
8.435147657213275352e+01
8.473118346146434021e+01
8.259656146202196680e+01
8.214936982860400860e+01
8.385226073397352309e+01
8.355100952146104021e+01
8.354507058104221073e+01
8.266866266874109215e+01
8.195700058295497570e+01
8.022721421416157739e+01
7.970247533896575476e+01
7.877862453328107506e+01
7.646773314620901374e+01
7.716333589502572465e+01
7.689587826559629491e+01
7.867399639912429166e+01
7.991312811482954714e+01
8.105734793368245050e+01
8.262741178345743265e+01
8.416268694897274827e+01
8.384357263705018681e+01
8.530000846144164939e+01
8.725320379938955284e+01
8.767930185638380181e+01
8.617294834730876119e+01
8.582231969769244984e+01
8.584499002669325307e+01
8.511254676745613779e+01
8.419108711941592560e+01
8.575482127160171331e+01
8.550126309428236482e+01
8.519674245290548242e+01
8.588185818472776134e+01
8.497022293588037201e+01
8.700966931398365034e+01
8.701639483958042831e+01
8.720084516851426315e+01
8.560540317633476093e+01
8.499362290867077263e+01
8.587917282588293233e+01
8.593245193793246983e+01
8.573517643391069498e+01
8.540178009059407316e+01
8.581381980727027781e+01
8.392583568779787129e+01
8.567300310915112505e+01
8.665213271098237158e+01
8.753901830043056975e+01
8.554228342985977918e+01
8.584680755858359191e+01
8.740753512373414935e+01
8.693906110016067146e+01
8.591440555594414263e+01
8.414446862413737449e+01
8.362369802912748185e+01
8.436273035622949124e+01
8.264192359109021879e+01
8.159454168822261977e+01
8.271866169624962595e+01
8.179313876041251774e+01
8.213281620048090303e+01
8.238189521683509042e+01
8.350220173571511850e+01
8.280091059503185136e+01
8.300972268064957404e+01
8.229616269381740778e+01
8.391080019663502298e+01
8.371236603572415902e+01
8.560285287383291575e+01
8.480989028437096522e+01
8.472968218276416508e+01
8.620021975469023801e+01
8.648177150446707628e+01
8.699756681446589823e+01
8.650053014419279407e+01
8.625557024740447787e+01
8.562536657621329539e+01
8.569556814729963889e+01
8.659539538201718756e+01
8.765452383838822925e+01
8.806964221819491456e+01
8.601244505641318483e+01
8.697609735419875676e+01
8.762376386641781778e+01
8.723627078956150172e+01
8.679219052645439092e+01
8.437072402159930107e+01
8.350244605937929521e+01
8.446942629464980712e+01
8.614967054949008229e+01
8.608480915917658649e+01
8.509399001351864911e+01
8.487037103054149156e+01
8.520180903504949299e+01
8.405074224025719332e+01
8.411452946259277041e+01
8.466579588775472587e+01
8.572815020064041391e+01
8.515656866939443148e+01
8.403982746858633845e+01
8.408532200763413300e+01
8.369787215599293972e+01
8.354929999885501957e+01
8.311975971434158339e+01
8.335276173373758013e+01
8.288058994939211743e+01
8.361722903509920002e+01
8.356168427180715241e+01
8.301861009618797027e+01
8.487517383226031598e+01
8.541073641184102883e+01
8.542953487954773095e+01
8.483537532223945732e+01
8.284646605012035536e+01
8.357498026431528615e+01
8.438146854020060061e+01
8.372783948316957492e+01
8.414278654625448439e+01
8.355219192214700286e+01
8.381861162271766830e+01
8.417987287574719346e+01
8.354279261271570078e+01
8.316597086103789138e+01
8.393603076568402344e+01
8.335481766764189615e+01
8.193244224461047054e+01
8.038900202778302173e+01
8.066658203387794401e+01
8.280034662941986312e+01
8.317274126166472570e+01
8.395583226697428358e+01
8.498835738803423112e+01
8.509222155315137570e+01
8.653676910319752835e+01
8.459436211546676532e+01
8.458233391555431524e+01
8.604983466919196644e+01
8.628860229761346545e+01
8.738487007542141782e+01
8.849077649841962057e+01
8.830576143557614444e+01
8.650853414858571000e+01
8.548168245493607742e+01
8.585186540991831805e+01
8.804618464840545755e+01
8.806923771292143499e+01
8.564038893714896972e+01
8.549339539718822323e+01
8.543364253609985326e+01
8.550919690074906043e+01
8.603344897472877051e+01
8.250444272547225921e+01
8.539529961273109393e+01
8.644459598977030623e+01
8.709034822907423745e+01
8.736168936328709833e+01
8.616521146909248330e+01
8.590408488931547026e+01
8.791217959506244028e+01
8.840508420969453596e+01
8.885372220289440293e+01
8.853906369487161498e+01
8.803551942868010372e+01
8.801974697379769452e+01
8.902013237474086793e+01
8.994380360253924778e+01
9.056888868054544162e+01
8.898969307698955333e+01
8.842455479503891524e+01
8.809921109459467914e+01
8.693630838695233365e+01
8.752464192803310539e+01
8.648134171475400933e+01
8.884723459603725360e+01
8.891279952026837918e+01
8.863909419250020960e+01
8.743887103753068857e+01
8.701425673248101589e+01
8.837407342134468990e+01
8.642565230473353211e+01
8.582727433732482325e+01
8.694156707739810486e+01
8.397312141130632313e+01
8.405737175644894421e+01
8.313820891031801352e+01
8.427178058561652563e+01
8.324858923191629856e+01
8.186662089071069204e+01
8.187387961612812148e+01
8.386212865491708612e+01
8.351624547222098727e+01
8.379158536597395823e+01
8.412668178448114986e+01
8.336159836973264703e+01
8.323409948257472024e+01
8.325800189011116004e+01
8.396681545420202042e+01
8.407134354332413295e+01
8.393298884144566330e+01
8.232313253183546919e+01
8.459205144867709691e+01
8.449315058646563159e+01
8.434410681285602607e+01
8.521023503179623049e+01
8.685520932996848842e+01
8.687021988579618892e+01
8.709053898540790328e+01
8.588122169307514753e+01
8.596801927118110598e+01
8.630620648792250904e+01
8.557415176870551932e+01
8.616856431122212712e+01
8.488613790548212990e+01
8.658107746154543349e+01
8.505287592706962130e+01
8.606104795868508006e+01
8.509094089785379822e+01
8.569699121270305398e+01
8.707232444299722829e+01
8.521383035721707699e+01
8.511081821209862142e+01
8.514294289159933271e+01
8.384533795713943505e+01
8.529446592523083837e+01
8.646266082654837248e+01
8.512531667871877517e+01
8.469546478405580103e+01
8.323118382297640494e+01
8.223569672258027197e+01
8.289838091853333424e+01
8.423318973232991880e+01
8.292568967991164186e+01
8.373804987099615005e+01
8.437612130624354734e+01
8.244083089508770001e+01
8.305292167762458178e+01
8.194795701206855654e+01
8.089079087328872220e+01
7.998428067929053498e+01
7.942897133597820414e+01
7.977126161335765175e+01
8.075562532029552187e+01
8.217739733017704395e+01
8.094895921159684349e+01
8.303950741126317325e+01
8.224813684024199745e+01
8.056124075978968335e+01
8.151998000471340333e+01
8.234181072377873534e+01
8.366633512535140937e+01
8.465901937365700292e+01
8.580133002893252581e+01
8.482181376870897793e+01
8.442774999493155974e+01
8.384767684869986226e+01
8.425499975719363022e+01
8.372001852021381296e+01
8.520566875461049960e+01
8.566287152749843870e+01
8.624074143678578253e+01
8.564678524562486928e+01
8.507361141498269319e+01
8.467758625432485076e+01
8.469947174086144059e+01
8.239035338869004477e+01
8.156250731151423849e+01
7.902176532558564759e+01
7.983743018497453647e+01
8.091775188081712145e+01
8.112863872311116609e+01
8.082149189261106415e+01
8.129572871342239182e+01
8.107531181984397506e+01
8.204535478367259316e+01
8.227755797484158506e+01
8.275688739974565067e+01
8.347092572278594957e+01
8.286298340196128720e+01
8.228305509262250439e+01
8.196188001445246130e+01
8.203068566429826092e+01
8.362874730733589956e+01
8.335650480195232603e+01
8.307600070537067438e+01
8.415520469054874297e+01
8.556011803699509244e+01
8.590564174875619585e+01
